%YAML:1.0
---
model_type: PINHOLE
camera_name: camera
image_width: 480
image_height: 640
distortion_parameters:
   k1: 0 # -2.9839715720358556e-01
   k2: 0 # 9.2224519780237782e-02
   p1: 0 # -1.1990340691497372e-04
   p2: 0 # -7.4597868882045419e-05
projection_parameters:
   fx: 532.388672
   fy: 532.388611
   cx: 239.500000
   cy: 319.500000
